-0.000000000000000000e+00 2.185739629917660132e-02 2.615089689384765201e-02 2.314798855787037445e-03 6.171548001794117944e-02 5.886122948310547331e-02 6.683254452964430825e-02 4.630041750593608119e-02 6.059263263985567582e-02 6.456763018729229364e-02 2.965845030410196523e-02 7.106932742882515752e-02 4.103643385036800928e-02 5.661449486104819240e-02 7.959141361176889917e-02
2.185739629917660132e-02 -0.000000000000000000e+00 4.440622405839565051e-02 2.017443862590507023e-02 3.477398343915681644e-02 1.104282467834577369e-01 1.067047693857583884e-01 5.813876129129746939e-02 1.012284645012694884e-01 1.270462660464347360e-01 2.418065429687499268e-02 1.094877825250976239e-01 4.951025418704951137e-02 8.383840309049149508e-02 8.418307621153409137e-02
2.615089689384765201e-02 4.440622405839565051e-02 -0.000000000000000000e+00 1.564739779488469318e-02 8.705237343602556521e-02 8.404507119825924133e-02 9.257778123732560149e-02 1.677465278514509578e-02 1.152921504606847260e-02 9.775612251935535124e-02 2.625947426940854895e-02 7.382457684293947109e-02 4.170132599847844318e-02 9.830207046489737588e-02 8.691061744359088181e-02
2.314798855787037445e-03 2.017443862590507023e-02 1.564739779488469318e-02 -0.000000000000000000e+00 5.280054038948923945e-02 6.139298213510206714e-02 8.790679881611805635e-02 3.433372637753432516e-02 5.626347604664091312e-02 7.532859348554842016e-02 2.716906998799397538e-02 5.686629349771313985e-02 4.061074838622778793e-02 5.399984952781212294e-02 8.963577645435119590e-02
6.171548001794117944e-02 3.477398343915681644e-02 8.705237343602556521e-02 5.280054038948923945e-02 -0.000000000000000000e+00 1.828936966412127163e-02 2.293450069999999202e-02 8.606395446872283639e-02 5.055761944079690401e-02 2.183392905171852721e-02 1.109948298172790289e-02 2.983870777730437268e-02 4.874732977777165160e-02 1.217660316174056997e-02 5.299098398024218448e-02
5.886122948310547331e-02 1.104282467834577369e-01 8.404507119825924133e-02 6.139298213510206714e-02 1.828936966412127163e-02 -0.000000000000000000e+00 7.009687020886089422e-03 9.806779490306423430e-02 6.128578296075695708e-02 4.685601725218611902e-03 5.875758233595020780e-02 9.591482085721157735e-03 1.002718312881934054e-01 1.808669691380070110e-02 5.318197669607725719e-02
6.683254452964430825e-02 1.067047693857583884e-01 9.257778123732560149e-02 8.790679881611805635e-02 2.293450069999999202e-02 7.009687020886089422e-03 -0.000000000000000000e+00 1.483028558478254044e-01 9.861513412996189554e-02 8.371182356401151228e-03 6.957456919318637245e-02 1.772641569890894345e-02 1.251384126652443640e-01 2.308126537024864089e-02 6.857258011452251056e-02
4.630041750593608119e-02 5.813876129129746939e-02 1.677465278514509578e-02 3.433372637753432516e-02 8.606395446872283639e-02 9.806779490306423430e-02 1.483028558478254044e-01 -0.000000000000000000e+00 3.020185207362964183e-02 1.370396892856320381e-01 3.162680432518648332e-02 8.260691540140298328e-02 3.131255002000399301e-02 6.512801243674606888e-02 5.251590202128070956e-02
6.059263263985567582e-02 1.012284645012694884e-01 1.152921504606847260e-02 5.626347604664091312e-02 5.055761944079690401e-02 6.128578296075695708e-02 9.861513412996189554e-02 3.020185207362964183e-02 -0.000000000000000000e+00 8.152444826761723329e-02 3.594681044407738862e-02 7.426074379015466798e-02 2.385156738729827738e-02 4.897073604750701997e-02 6.484733705551926075e-02
6.456763018729229364e-02 1.270462660464347360e-01 9.775612251935535124e-02 7.532859348554842016e-02 2.183392905171852721e-02 4.685601725218611902e-03 8.371182356401151228e-03 1.370396892856320381e-01 8.152444826761723329e-02 -0.000000000000000000e+00 4.068788178922335547e-02 1.052471468370273604e-02 8.599369818310759195e-02 1.260898926185699716e-02 5.527014870637569216e-02
2.965845030410196523e-02 2.418065429687499268e-02 2.625947426940854895e-02 2.716906998799397538e-02 1.109948298172790289e-02 5.875758233595020780e-02 6.957456919318637245e-02 3.162680432518648332e-02 3.594681044407738862e-02 4.068788178922335547e-02 -0.000000000000000000e+00 6.828008531802587378e-02 1.236893937830212814e-02 3.805697534350425959e-02 1.129386640278028792e-01
7.106932742882515752e-02 1.094877825250976239e-01 7.382457684293947109e-02 5.686629349771313985e-02 2.983870777730437268e-02 9.591482085721157735e-03 1.772641569890894345e-02 8.260691540140298328e-02 7.426074379015466798e-02 1.052471468370273604e-02 6.828008531802587378e-02 -0.000000000000000000e+00 7.301999071845705069e-02 1.750908599155976894e-02 4.444763232114352230e-02
4.103643385036800928e-02 4.951025418704951137e-02 4.170132599847844318e-02 4.061074838622778793e-02 4.874732977777165160e-02 1.002718312881934054e-01 1.251384126652443640e-01 3.131255002000399301e-02 2.385156738729827738e-02 8.599369818310759195e-02 1.236893937830212814e-02 7.301999071845705069e-02 -0.000000000000000000e+00 2.537440527980543842e-02 5.380650977109847216e-02
5.661449486104819240e-02 8.383840309049149508e-02 9.830207046489737588e-02 5.399984952781212294e-02 1.217660316174056997e-02 1.808669691380070110e-02 2.308126537024864089e-02 6.512801243674606888e-02 4.897073604750701997e-02 1.260898926185699716e-02 3.805697534350425959e-02 1.750908599155976894e-02 2.537440527980543842e-02 -0.000000000000000000e+00 2.983870777730437268e-02
7.959141361176889917e-02 8.418307621153409137e-02 8.691061744359088181e-02 8.963577645435119590e-02 5.299098398024218448e-02 5.318197669607725719e-02 6.857258011452251056e-02 5.251590202128070956e-02 6.484733705551926075e-02 5.527014870637569216e-02 1.129386640278028792e-01 4.444763232114352230e-02 5.380650977109847216e-02 2.983870777730437268e-02 -0.000000000000000000e+00
